,"Cat./Support ratio, % (at)","Pore size, nm",width min (nm),width aver (nm),width max (nm),length min (nm),length aver (nm),length max (nm),"Cu, % (at.)","Cu+, % (at.)","Cu(2+), % (at.)","conc, M",pH,RHE vs V,"Time, h","Loading, μg/cm2","Add_carbon, %","Surface area of electrode, cm2","Flow rate CO2, ml/min","Av_volume, mkm^3",Ratio_sphere_volume,"Min_volume, mkm^3","Max_volume, mkm^3",1_efermi,1_density_atomic,1_total_magnetization_normalized_formula_units,1_energy_above_hull,1_energy_per_atom,1_volume,1_band_gap,2_efermi,2_density_atomic,2_total_magnetization_normalized_formula_units,2_energy_above_hull,2_energy_per_atom,2_volume,2_band_gap,Product_exactmw,Product_lipinskiHBA,Product_lipinskiHBD,Product_NumAtoms,Product_FractionCSP3,Product_CrippenClogP,Product_hallKierAlpha,Product_kappa2,Product_kappa3,anion_molar_conductance,anion_mobility,anion_diffusion_coefficient,anion_hydr_R_of_ion,Type of reactor_H-cell,Base_carbon paper electrode,Base_gasdiffusion electrode,FE
0,10.3,108.0,459.5,810.75,1162.0,459.5,810.75,1162.0,30.02,69.98,0.0,2.0,14.0,-1.2,1.0,100.0,0.0,3.0,15.0,0.532918592296875,0.3675525969478614,0.097018944875,1.568983528,7.51858683,11.445998564977856,2e-07,0.0,-10.846796,11.445998564977856,0.0,5.87177732,9.17091681388321,2.0000001,0.0,-6.5821341425,18.34183362776642,2.300899999999999,28.031300128,0.0,0.0,6.0,0.0,0.8022,-0.26,0.74,-6.106153846153846,199.1,20.21,5.192,0.472,1.0,1.0,0.0,51.131450767012815
1,10.3,108.0,459.5,810.75,1162.0,459.5,810.75,1162.0,30.02,69.98,0.0,2.0,14.0,-1.2,1.0,100.0,0.0,3.0,15.0,0.532918592296875,0.3675525969478614,0.097018944875,1.568983528,7.51858683,11.445998564977856,2e-07,0.0,-10.846796,11.445998564977856,0.0,5.87177732,9.17091681388321,2.0000001,0.0,-6.5821341425,18.34183362776642,2.300899999999999,28.031300128,0.0,0.0,6.0,0.0,0.8022,-0.26,0.74,-6.106153846153846,199.1,20.21,5.192,0.472,1.0,1.0,0.0,51.131450767012815
2,10.3,3.6,25.0,25.0,25.0,187.5,340.28,479.17,0.0,78.0,0.0,0.5,13.0,-1.1,1.0,20.0,80.0,3.75,50.0,0.0001670345544005,0.1096117129386808,9.203884727313846e-05,0.0002352120237219,4.17791244,12.764484711878117,0.0,0.0,-5.02663022,76.5869082712687,0.512699999999999,0.8923141,11.8492870649751,0.0,0.0,-4.894751419999999,47.397148259900405,0.7227,28.031300128,0.0,0.0,6.0,0.0,0.8022,-0.26,0.74,-6.106153846153846,199.1,20.21,5.192,0.472,0.0,0.0,0.0,47.009451275191125
3,96.33,20.0,923.08,1036.92,1153.85,923.08,1036.92,1153.85,0.0,0.0,0.0,0.5,8.4,-1.12,1.0,101.91,20.0,4.0,25.0,1.1148995843498883,0.3675525969478614,0.7865349476821121,1.5362010696916246,4.72796063,11.121387926358748,0.0006916,0.000264654999999,-5.466114125,44.485551705434986,0.0,4.47959619,15.02799459406926,0.3851734,0.0,-22.96045361,15.02799459406926,0.0,28.031300128,0.0,0.0,6.0,0.0,0.8022,-0.26,0.74,-6.106153846153846,76.4,4.353,1.118,2.193,1.0,1.0,0.0,46.70573495480928
4,98.12,3.6,600.0,836.0,1074.0,600.0,836.0,1074.0,42.27,0.0,0.0,2.0,14.0,-1.31,1.0,204.08,0.0,4.0,30.0,0.1721442784955467,0.5626976975981914,0.0636396103067892,0.3649947389373305,5.6643077,14.062218170221124,6.499999999999999e-07,0.0,-8.74505382,84.37330902132675,0.0,2.1667273,8.701897716280333,0.9999901,0.097853067499997,-5.204359017,87.01897716280334,0.0,28.031300128,0.0,0.0,6.0,0.0,0.8022,-0.26,0.74,-6.106153846153846,76.4,20.21,5.192,0.472,0.0,0.0,1.0,45.69295305266046
5,94.32,217.5,414.0,590.5,812.0,1180.0,1555.6,1972.0,0.0,5.0,95.0,1.0,8.32,-1.09,1.0,1428.57,0.0,3.0,40.0,0.1808075176333333,0.6366197723675814,0.06741576,0.4334087893333333,4.17791244,12.764484711878117,0.0,0.0,-5.02663022,76.5869082712687,0.512699999999999,4.47959619,15.02799459406926,0.3851734,0.0,-22.96045361,15.02799459406926,0.0,28.031300128,0.0,0.0,6.0,0.0,0.8022,-0.26,0.74,-6.106153846153846,44.5,4.353,1.118,2.193,0.0,1.0,0.0,45.43343292335876
6,94.32,217.5,414.0,590.5,812.0,1180.0,1555.6,1972.0,0.0,5.0,95.0,1.0,8.32,-1.09,1.0,1428.57,0.0,3.0,40.0,0.1808075176333333,0.6366197723675814,0.06741576,0.4334087893333333,4.17791244,12.764484711878117,0.0,0.0,-5.02663022,76.5869082712687,0.512699999999999,4.47959619,15.02799459406926,0.3851734,0.0,-22.96045361,15.02799459406926,0.0,28.031300128,0.0,0.0,6.0,0.0,0.8022,-0.26,0.74,-6.106153846153846,44.5,4.353,1.118,2.193,0.0,1.0,0.0,45.43343292335876
7,96.33,20.0,923.08,1036.92,1153.85,923.08,1036.92,1153.85,0.0,0.0,0.0,2.0,14.0,-1.12,1.0,101.91,20.0,4.0,25.0,1.1148995843498883,0.3675525969478614,0.7865349476821121,1.5362010696916246,4.72796063,14.062218170221124,6.499999999999999e-07,0.0,-8.74505382,84.37330902132675,0.0,2.1667273,8.701897716280333,0.9999901,0.097853067499997,-5.204359017,87.01897716280334,0.0,28.031300128,0.0,0.0,6.0,0.0,0.8022,-0.26,0.74,-6.106153846153846,76.4,20.21,5.192,0.472,0.0,0.0,1.0,45.31679460065615
8,98.35,3.6,459.5,810.75,1162.0,459.5,810.75,1162.0,0.0,84.94,15.06,1.0,8.32,-1.08,1.0,300.0,12.17,1.0,30.0,0.532918592296875,0.3675525969478614,0.097018944875,1.568983528,7.51858683,11.445998564977856,2e-07,0.0,-10.846796,11.445998564977856,0.0,6.14131032,10.622479042528589,0.000195599999999,0.8018846112499991,-9.6154000565625,42.48991617011435,0.0,28.031300128,0.0,0.0,6.0,0.0,0.8022,-0.26,0.74,-6.106153846153846,44.5,4.353,1.118,2.193,0.0,0.0,0.0,44.81221874663532
9,87.7,0.0,600.0,836.0,1074.0,600.0,836.0,1074.0,63.81,36.19,0.0,1.0,8.32,-1.29,1.0,10.0,80.0,0.19,30.0,0.1721442784955467,0.5626976975981914,0.0636396103067892,0.3649947389373305,7.51858683,11.445998564977856,2e-07,0.0,-10.846796,11.445998564977856,0.0,5.05743538,13.619880499307335,0.0,0.0,-9.204800156666666,40.85964149792201,1.8647,28.031300128,0.0,0.0,6.0,0.0,0.8022,-0.26,0.74,-6.106153846153846,44.5,4.353,1.118,2.193,1.0,0.0,1.0,43.93103648620769
10,87.7,0.0,600.0,836.0,1074.0,600.0,836.0,1074.0,63.81,36.19,0.0,1.0,8.32,-1.29,1.0,10.0,80.0,0.19,30.0,0.1721442784955467,0.5626976975981914,0.0636396103067892,0.3649947389373305,7.51858683,11.445998564977856,2e-07,0.0,-10.846796,11.445998564977856,0.0,5.05743538,13.619880499307335,0.0,0.0,-9.204800156666666,40.85964149792201,1.8647,28.031300128,0.0,0.0,6.0,0.0,0.8022,-0.26,0.74,-6.106153846153846,44.5,4.353,1.118,2.193,1.0,0.0,1.0,43.93103648620769
11,98.65,3.6,600.0,836.0,1074.0,600.0,836.0,1074.0,100.0,91.92,8.08,2.0,14.0,-1.21,1.0,139.5,0.0,1.5,15.0,0.1721442784955467,0.5626976975981914,0.0636396103067892,0.3649947389373305,5.6643077,14.062218170221124,6.499999999999999e-07,0.0,-8.74505382,84.37330902132675,0.0,5.05743538,13.619880499307335,0.0,0.0,-9.204800156666666,40.85964149792201,1.8647,28.031300128,0.0,0.0,6.0,0.0,0.8022,-0.26,0.74,-6.106153846153846,199.1,20.21,5.192,0.472,1.0,1.0,0.0,43.74156261576958
12,94.32,108.0,634.8,938.05,1241.3,634.8,938.05,1241.3,31.03,68.97,0.0,1.0,8.32,-2.2,1.0,360.58,0.0,3.75,7.0,0.2872872552433975,0.664721574094151,0.0890326194307601,0.6656848342245473,7.51858683,11.445998564977856,2e-07,0.0,-10.846796,11.445998564977856,0.0,7.51858683,11.445998564977856,2e-07,0.0,-10.846796,11.445998564977856,0.0,28.031300128,0.0,0.0,6.0,0.0,0.8022,-0.26,0.74,-6.106153846153846,44.5,4.353,1.118,2.193,0.0,0.0,1.0,43.689559076744274
13,23.04,18.63,42.0,45.0,48.0,695.65,1111.26,1612.61,90.0,92.19,7.81,2.0,14.0,-1.12,1.0,139.5,0.0,0.19,5.5,0.0017673826651905,0.0606424185159716,0.0009637829778961,0.0029181103079647,4.17791244,11.445998564977856,2e-07,0.0,-10.846796,11.445998564977856,0.0,5.05743538,13.619880499307335,0.0,0.0,-9.204800156666666,40.85964149792201,1.8647,28.031300128,0.0,0.0,6.0,0.0,0.8022,-0.26,0.74,-6.106153846153846,199.1,20.21,5.192,0.472,1.0,0.0,1.0,43.0048868401628
14,98.65,3.6,600.0,836.0,1074.0,600.0,836.0,1074.0,100.0,0.0,0.0,0.5,8.4,-1.21,1.0,139.5,0.0,1.5,15.0,0.1721442784955467,0.5626976975981914,0.0636396103067892,0.3649947389373305,5.6643077,11.121387926358748,0.0006916,0.000264654999999,-5.466114125,44.485551705434986,0.0,4.47959619,15.02799459406926,0.3851734,0.0,-22.96045361,15.02799459406926,0.0,28.031300128,0.0,0.0,6.0,0.0,0.8022,-0.26,0.74,-6.106153846153846,199.1,4.353,1.118,2.193,1.0,1.0,0.0,42.80857362770352
15,10.3,3.6,25.0,25.0,25.0,187.5,340.28,479.17,0.0,100.0,0.0,0.1,6.8,-1.1,1.0,20.0,80.0,3.75,50.0,0.0001670345544005,0.1096117129386808,9.203884727313846e-05,0.0002352120237219,4.17791244,11.121387926358748,0.0006916,0.000264654999999,-5.466114125,44.485551705434986,0.0,5.84744474,18.14473805188449,0.0,0.0,-50.58496015,18.14473805188449,0.0,28.031300128,0.0,0.0,6.0,0.0,0.8022,-0.26,0.74,-6.106153846153846,199.1,4.353,1.118,2.193,0.0,0.0,1.0,42.72802658411733
16,23.04,18.63,42.0,45.0,48.0,695.65,1111.26,1612.61,90.0,10.0,0.0,2.0,14.0,-1.12,1.0,139.5,0.0,0.19,5.5,0.0017673826651905,0.0606424185159716,0.0009637829778961,0.0029181103079647,4.17791244,12.764484711878117,0.0,0.0,-5.02663022,76.5869082712687,0.512699999999999,2.1667273,8.701897716280333,0.9999901,0.097853067499997,-5.204359017,87.01897716280334,0.0,28.031300128,0.0,0.0,6.0,0.0,0.8022,-0.26,0.74,-6.106153846153846,199.1,20.21,5.192,0.472,1.0,0.0,0.0,42.694716409148725
17,23.04,18.63,42.0,45.0,48.0,695.65,1111.26,1612.61,90.0,10.0,0.0,2.0,14.0,-1.12,1.0,139.5,0.0,0.19,5.5,0.0017673826651905,0.0606424185159716,0.0009637829778961,0.0029181103079647,4.17791244,12.764484711878117,0.0,0.0,-5.02663022,76.5869082712687,0.512699999999999,2.1667273,8.701897716280333,0.9999901,0.097853067499997,-5.204359017,87.01897716280334,0.0,28.031300128,0.0,0.0,6.0,0.0,0.8022,-0.26,0.74,-6.106153846153846,199.1,20.21,5.192,0.472,1.0,0.0,0.0,42.694716409148725
18,94.8,0.0,367.06,632.71,1035.29,524.71,859.53,1176.47,0.0,91.92,8.08,2.0,14.0,-1.09,1.0,240.38,12.17,4.0,5.5,0.114696240204091,0.6366197723675813,0.0235652584357853,0.4203234698773756,5.6643077,14.062218170221124,6.499999999999999e-07,0.0,-8.74505382,84.37330902132675,0.0,5.05743538,13.619880499307335,0.0,0.0,-9.204800156666666,40.85964149792201,1.8647,28.031300128,0.0,0.0,6.0,0.0,0.8022,-0.26,0.74,-6.106153846153846,199.1,20.21,5.192,0.472,1.0,1.0,0.0,42.498674275874265
19,83.33,217.5,42.0,45.0,48.0,695.65,1111.26,1612.61,0.0,95.0,5.0,2.0,14.0,-1.12,1.0,713.19,12.17,4.0,200.0,0.0017673826651905,0.0606424185159716,0.0009637829778961,0.0029181103079647,4.72796063,11.121387926358748,0.0006916,0.000264654999999,-5.466114125,44.485551705434986,0.0,6.47640097,34.02582510892988,0.0001557,0.050300225,-58.45197352,68.05165021785976,0.0,28.031300128,0.0,0.0,6.0,0.0,0.8022,-0.26,0.74,-6.106153846153846,199.1,20.21,5.192,0.472,1.0,1.0,0.0,42.405411384298134
20,78.04,217.5,10.0,17.5,25.0,10.0,17.5,25.0,0.0,91.92,8.08,1.0,8.32,-1.34,1.0,1052.63,80.0,3.0,20.0,2.806162187972133e-06,1.0,5.235987755982988e-07,8.181230868723419e-06,7.51858683,11.445998564977856,2e-07,0.0,-10.846796,11.445998564977856,0.0,6.14131032,10.622479042528589,0.000195599999999,0.8018846112499991,-9.6154000565625,42.48991617011435,0.0,28.031300128,0.0,0.0,6.0,0.0,0.8022,-0.26,0.74,-6.106153846153846,44.5,4.353,1.118,2.193,1.0,0.0,1.0,42.34546099214117
21,94.8,3.6,923.08,1036.92,1153.85,923.08,1036.92,1153.85,13.83,78.0,0.0,1.0,6.9,-1.07,1.0,100.0,0.0,0.5,10.0,1.1148995843498883,0.3675525969478614,0.7865349476821121,1.5362010696916246,5.6643077,11.445998564977856,2e-07,0.0,-10.846796,11.445998564977856,0.0,8.41138892,15.301856264076596,2.0000001,0.079304169250001,-9.032503662,76.50928132038298,0.0,28.031300128,0.0,0.0,6.0,0.0,0.8022,-0.26,0.74,-6.106153846153846,44.5,7.67,1.97,1.245,1.0,0.0,0.0,42.2650070156091
22,94.32,108.0,634.8,938.05,1241.3,634.8,938.05,1241.3,31.03,78.0,0.0,2.0,14.0,-2.2,1.0,360.58,0.0,3.75,7.0,0.2872872552433975,0.664721574094151,0.0890326194307601,0.6656848342245473,7.51858683,11.121387926358748,0.0006916,0.000264654999999,-5.466114125,44.485551705434986,0.0,2.69161299,14.614521025354035,1.966666666666666e-06,2.428085125000001,-5.951826232222221,131.53068922818633,0.6553999999999991,28.031300128,0.0,0.0,6.0,0.0,0.8022,-0.26,0.74,-6.106153846153846,44.5,20.21,5.192,0.472,1.0,1.0,0.0,42.16575034769609
23,98.12,3.6,600.0,836.0,1074.0,600.0,836.0,1074.0,42.27,57.73,0.0,1.0,6.9,-1.31,1.0,204.08,0.0,4.0,30.0,0.1721442784955467,0.5626976975981914,0.0636396103067892,0.3649947389373305,5.6643077,14.062218170221124,6.499999999999999e-07,0.0,-8.74505382,84.37330902132675,0.0,6.47640097,34.02582510892988,0.0001557,0.050300225,-58.45197352,68.05165021785976,0.0,28.031300128,0.0,0.0,6.0,0.0,0.8022,-0.26,0.74,-6.106153846153846,76.4,7.67,1.97,1.245,1.0,0.0,1.0,41.953802046406
24,96.25,108.0,600.0,836.0,1074.0,600.0,836.0,1074.0,95.0,0.0,5.0,3.0,14.0,-1.12,1.0,4444.44,0.0,0.2,200.0,0.1721442784955467,0.5626976975981914,0.0636396103067892,0.3649947389373305,7.51858683,11.445998564977856,2e-07,0.0,-10.846796,11.445998564977856,0.0,5.87177732,9.17091681388321,2.0000001,0.0,-6.5821341425,18.34183362776642,2.300899999999999,28.031300128,0.0,0.0,6.0,0.0,0.8022,-0.26,0.74,-6.106153846153846,199.1,20.21,5.192,0.472,0.0,0.0,1.0,41.524007375417824
25,95.0,20.0,367.06,632.71,1035.29,524.71,859.53,1176.47,0.0,91.92,8.08,1.0,8.32,-1.13,1.0,195.0,9.09,1.5,10.0,0.114696240204091,0.6366197723675813,0.0235652584357853,0.4203234698773756,7.51858683,11.445998564977856,2e-07,0.0,-10.846796,11.445998564977856,0.0,5.87177732,9.17091681388321,2.0000001,0.0,-6.5821341425,18.34183362776642,2.300899999999999,28.031300128,0.0,0.0,6.0,0.0,0.8022,-0.26,0.74,-6.106153846153846,44.5,4.353,1.118,2.193,0.0,0.0,0.0,41.44384531162378
26,61.76,108.0,634.8,938.05,1241.3,634.8,938.05,1241.3,0.0,95.1,4.9,1.0,6.9,-1.56,1.0,500.0,0.0,0.2,30.0,0.2872872552433975,0.664721574094151,0.0890326194307601,0.6656848342245473,7.51858683,11.445998564977856,2e-07,0.0,-10.846796,11.445998564977856,0.0,5.84744474,18.14473805188449,0.0,0.0,-50.58496015,18.14473805188449,0.0,28.031300128,0.0,0.0,6.0,0.0,0.8022,-0.26,0.74,-6.106153846153846,76.4,7.67,1.97,1.245,1.0,0.0,1.0,41.35597396776678
27,6.98,3.6,800.0,1490.0,2000.0,800.0,1490.0,2000.0,92.68,7.32,0.0,1.0,6.9,-1.1,1.0,510.2,20.0,0.2,25.0,1.7320380461416167,1.0,0.268082573106329,4.188790204786391,5.6643077,14.062218170221124,6.499999999999999e-07,0.0,-8.74505382,84.37330902132675,0.0,8.41138892,15.301856264076596,2.0000001,0.079304169250001,-9.032503662,76.50928132038298,0.0,28.031300128,0.0,0.0,6.0,0.0,0.8022,-0.26,0.74,-6.106153846153846,76.4,7.67,1.97,1.245,1.0,0.0,0.0,41.076642401227694
28,98.65,3.6,600.0,836.0,1074.0,600.0,836.0,1074.0,100.0,95.1,4.9,1.0,6.9,-1.21,1.0,139.5,0.0,1.5,15.0,0.1721442784955467,0.5626976975981914,0.0636396103067892,0.3649947389373305,5.6643077,11.445998564977856,2e-07,0.0,-10.846796,11.445998564977856,0.0,5.84744474,18.14473805188449,0.0,0.0,-50.58496015,18.14473805188449,0.0,28.031300128,0.0,0.0,6.0,0.0,0.8022,-0.26,0.74,-6.106153846153846,199.1,7.67,1.97,1.245,1.0,0.0,1.0,41.07480295527998
29,14.49,217.5,3090.91,3372.73,4000.0,3090.91,3372.73,4000.0,0.0,84.94,15.06,0.5,7.8,-2.2,1.0,1428.57,20.0,0.49,200.0,11.30364441910101,0.5626976975981914,8.700272179509907,18.856180831641268,4.72796063,11.121387926358748,0.0006916,0.000264654999999,-5.466114125,44.485551705434986,0.0,3.94067991,17.28523120082949,9e-07,0.002126714999999,-21.35375043,17.28523120082949,0.0,28.031300128,0.0,0.0,6.0,0.0,0.8022,-0.26,0.74,-6.106153846153846,44.5,4.353,1.118,2.193,1.0,1.0,0.0,40.84937749854721
30,90.52,18.63,1273.5,1841.4,2409.3,1273.5,1841.4,2409.3,0.0,0.0,100.0,1.0,6.9,-1.21,1.0,1943.63,12.17,1.5,15.0,3.269211656602929,1.0,1.081422671753728,7.322700372283304,4.17791244,12.764484711878117,0.0,0.0,-5.02663022,76.5869082712687,0.512699999999999,5.05743538,13.619880499307335,0.0,0.0,-9.204800156666666,40.85964149792201,1.8647,28.031300128,0.0,0.0,6.0,0.0,0.8022,-0.26,0.74,-6.106153846153846,76.4,7.67,1.97,1.245,1.0,0.0,1.0,40.84266300614311
31,73.82,18.63,800.0,1490.0,2000.0,800.0,1490.0,2000.0,0.0,86.98,13.02,1.0,6.9,-2.56,1.0,510.2,20.0,3.75,5.5,1.7320380461416167,1.0,0.268082573106329,4.188790204786391,5.6643077,14.062218170221124,6.499999999999999e-07,0.0,-8.74505382,84.37330902132675,0.0,2.7374354,9.2213850455102,0.0,0.0,-6.32752468,18.4427700910204,4.4292,28.031300128,0.0,0.0,6.0,0.0,0.8022,-0.26,0.74,-6.106153846153846,76.4,7.67,1.97,1.245,1.0,0.0,0.0,40.81269572233891
32,96.33,20.0,923.08,1036.92,1153.85,923.08,1036.92,1153.85,0.0,0.0,100.0,1.0,6.9,-1.12,1.0,101.91,20.0,4.0,25.0,1.1148995843498883,0.3675525969478614,0.7865349476821121,1.5362010696916246,4.72796063,11.121387926358748,0.0006916,0.000264654999999,-5.466114125,44.485551705434986,0.0,2.03846677,22.399498167675635,0.0,0.0,-4.169303585,44.79899633535127,0.0,28.031300128,0.0,0.0,6.0,0.0,0.8022,-0.26,0.74,-6.106153846153846,76.4,7.67,1.97,1.245,1.0,1.0,0.0,40.721539135965635
33,76.11,108.0,25.0,25.0,25.0,187.5,340.28,479.17,0.0,40.0,0.0,2.0,14.0,-1.31,1.0,139.5,80.0,2.0,5.5,0.0001670345544005,0.1096117129386808,9.203884727313846e-05,0.0002352120237219,4.17791244,11.121387926358748,0.0006916,0.000264654999999,-5.466114125,44.485551705434986,0.0,0.8923141,11.8492870649751,0.0,0.0,-4.894751419999999,47.397148259900405,0.7227,28.031300128,0.0,0.0,6.0,0.0,0.8022,-0.26,0.74,-6.106153846153846,199.1,20.21,5.192,0.472,1.0,0.0,0.0,40.7097620999629
34,95.45,3.6,634.8,938.05,1241.3,634.8,938.05,1241.3,0.0,95.1,4.9,1.0,14.0,-4.06,1.0,400.0,12.17,1.0,200.0,0.2872872552433975,0.664721574094151,0.0890326194307601,0.6656848342245473,7.51858683,11.445998564977856,2e-07,0.0,-10.846796,11.445998564977856,0.0,1.44159893,15.315274547374411,2.7675e-05,0.297025965625,-9.2612360378125,245.0443927579906,1.3853,28.031300128,0.0,0.0,6.0,0.0,0.8022,-0.26,0.74,-6.106153846153846,199.1,20.21,5.192,0.472,0.0,0.0,1.0,39.725056934571896
35,25.0,18.63,9.02,13.07,17.74,9.02,13.07,17.74,0.0,69.0,31.0,2.0,14.0,-0.86,1.0,1019.11,80.0,3.75,50.0,1.1690292698558433e-06,1.0,3.842538565161342e-07,2.92320631891844e-06,7.51858683,11.445998564977856,2e-07,0.0,-10.846796,11.445998564977856,0.0,5.49246722,16.727671246666244,1.666666666666666e-08,0.000130182499997,-9.718071849166668,200.7320549599949,0.0,28.031300128,0.0,0.0,6.0,0.0,0.8022,-0.26,0.74,-6.106153846153846,199.1,20.21,5.192,0.472,0.0,1.0,0.0,39.41716454849686
36,40.49,108.0,634.8,938.05,1241.3,634.8,938.05,1241.3,85.0,0.0,15.0,2.0,14.0,-1.45,1.0,4444.44,0.0,3.75,10.0,0.2872872552433975,0.664721574094151,0.0890326194307601,0.6656848342245473,4.72796063,11.121387926358748,0.0006916,0.000264654999999,-5.466114125,44.485551705434986,0.0,4.47959619,15.02799459406926,0.3851734,0.0,-22.96045361,15.02799459406926,0.0,28.031300128,0.0,0.0,6.0,0.0,0.8022,-0.26,0.74,-6.106153846153846,199.1,20.21,5.192,0.472,1.0,0.0,1.0,39.00324527364927
37,100.0,3.6,545.45,618.18,727.27,545.45,618.18,727.27,22.0,78.0,0.0,2.0,14.0,-1.09,1.0,100.0,12.17,4.0,5.0,0.0696015018879178,0.5626976975981914,0.0478121858225318,0.1133341469595937,5.6643077,14.062218170221124,6.499999999999999e-07,0.0,-8.74505382,84.37330902132675,0.0,4.72796063,11.121387926358748,0.0006916,0.000264654999999,-5.466114125,44.485551705434986,0.0,28.031300128,0.0,0.0,6.0,0.0,0.8022,-0.26,0.74,-6.106153846153846,199.1,20.21,5.192,0.472,1.0,0.0,1.0,38.755563856252195
38,93.0,3.6,367.06,632.71,1035.29,524.71,859.53,1176.47,0.0,86.98,13.02,2.0,14.0,-3.56,1.0,20.0,80.0,3.75,200.0,0.114696240204091,0.6366197723675813,0.0235652584357853,0.4203234698773756,4.17791244,12.764484711878117,0.0,0.0,-5.02663022,76.5869082712687,0.512699999999999,3.94067991,17.28523120082949,9e-07,0.002126714999999,-21.35375043,17.28523120082949,0.0,28.031300128,0.0,0.0,6.0,0.0,0.8022,-0.26,0.74,-6.106153846153846,199.1,20.21,5.192,0.472,0.0,0.0,0.0,38.65475323490975
39,93.83,217.5,600.0,836.0,1074.0,600.0,836.0,1074.0,63.81,68.97,0.0,0.1,6.8,-1.13,1.0,700.0,0.0,0.49,40.0,0.1721442784955467,0.5626976975981914,0.0636396103067892,0.3649947389373305,7.51858683,12.764484711878117,0.0,0.0,-5.02663022,76.5869082712687,0.512699999999999,3.29833257,14.422554456959176,0.0,0.0,-8.910602605,28.845108913918352,0.0,28.031300128,0.0,0.0,6.0,0.0,0.8022,-0.26,0.74,-6.106153846153846,44.5,4.353,1.118,2.193,0.0,0.0,1.0,38.27884450046473
40,10.3,20.0,367.06,632.71,1035.29,524.71,859.53,1176.47,0.0,91.92,8.08,2.0,14.0,-4.06,1.0,360.58,20.0,3.75,5.0,0.114696240204091,0.6366197723675813,0.0235652584357853,0.4203234698773756,5.6643077,14.062218170221124,6.499999999999999e-07,0.0,-8.74505382,84.37330902132675,0.0,2.7374354,9.2213850455102,0.0,0.0,-6.32752468,18.4427700910204,4.4292,28.031300128,0.0,0.0,6.0,0.0,0.8022,-0.26,0.74,-6.106153846153846,199.1,20.21,5.192,0.472,1.0,1.0,0.0,38.15467017259
41,77.97,217.5,225.0,400.0,625.0,225.0,400.0,625.0,13.83,86.17,0.0,1.0,6.9,-1.2,1.0,4444.44,80.0,0.19,7.0,0.064,0.3675525969478614,0.011390625,0.244140625,4.72796063,11.121387926358748,0.0006916,0.000264654999999,-5.466114125,44.485551705434986,0.0,4.72796063,11.121387926358748,0.0006916,0.000264654999999,-5.466114125,44.485551705434986,0.0,28.031300128,0.0,0.0,6.0,0.0,0.8022,-0.26,0.74,-6.106153846153846,76.4,7.67,1.97,1.245,1.0,0.0,0.0,38.152408618444184
42,77.97,217.5,225.0,400.0,625.0,225.0,400.0,625.0,13.83,86.17,0.0,1.0,6.9,-1.2,1.0,4444.44,80.0,0.19,7.0,0.064,0.3675525969478614,0.011390625,0.244140625,4.72796063,11.121387926358748,0.0006916,0.000264654999999,-5.466114125,44.485551705434986,0.0,4.72796063,11.121387926358748,0.0006916,0.000264654999999,-5.466114125,44.485551705434986,0.0,28.031300128,0.0,0.0,6.0,0.0,0.8022,-0.26,0.74,-6.106153846153846,76.4,7.67,1.97,1.245,1.0,0.0,0.0,38.152408618444184
43,49.87,3.6,1273.5,1841.4,2409.3,1273.5,1841.4,2409.3,0.0,0.0,100.0,0.5,13.0,-2.06,1.0,1943.63,0.0,0.2,20.0,3.269211656602929,1.0,1.081422671753728,7.322700372283304,4.17791244,12.764484711878117,0.0,0.0,-5.02663022,76.5869082712687,0.512699999999999,5.49246722,16.727671246666244,1.666666666666666e-08,0.000130182499997,-9.718071849166668,200.7320549599949,0.0,28.031300128,0.0,0.0,6.0,0.0,0.8022,-0.26,0.74,-6.106153846153846,199.1,20.21,5.192,0.472,0.0,0.0,1.0,38.121643847602414
44,77.27,108.0,100.0,150.0,200.0,3000.0,4000.0,5000.0,0.0,92.19,7.81,1.0,8.32,-1.1,1.0,1052.63,80.0,2.0,30.0,0.0706858347057703,0.0561710095178655,0.0235619449019234,0.1570796326794896,5.6643077,14.062218170221124,6.499999999999999e-07,0.0,-8.74505382,84.37330902132675,0.0,5.49246722,16.727671246666244,1.666666666666666e-08,0.000130182499997,-9.718071849166668,200.7320549599949,0.0,28.031300128,0.0,0.0,6.0,0.0,0.8022,-0.26,0.74,-6.106153846153846,44.5,4.353,1.118,2.193,0.0,0.0,0.0,37.97383891731046
45,61.76,108.0,634.8,938.05,1241.3,634.8,938.05,1241.3,0.0,68.97,0.0,0.1,6.8,-1.56,1.0,500.0,0.0,0.2,30.0,0.2872872552433975,0.664721574094151,0.0890326194307601,0.6656848342245473,7.51858683,14.062218170221124,6.499999999999999e-07,0.0,-8.74505382,84.37330902132675,0.0,5.87177732,9.17091681388321,2.0000001,0.0,-6.5821341425,18.34183362776642,2.300899999999999,28.031300128,0.0,0.0,6.0,0.0,0.8022,-0.26,0.74,-6.106153846153846,76.4,4.353,1.118,2.193,0.0,0.0,1.0,37.95051801623403
46,77.97,217.5,225.0,400.0,625.0,225.0,400.0,625.0,13.83,95.0,5.0,1.0,6.9,-1.2,1.0,4444.44,80.0,0.19,7.0,0.064,0.3675525969478614,0.011390625,0.244140625,4.72796063,11.121387926358748,0.0006916,0.000264654999999,-5.466114125,44.485551705434986,0.0,2.7374354,9.2213850455102,0.0,0.0,-6.32752468,18.4427700910204,4.4292,28.031300128,0.0,0.0,6.0,0.0,0.8022,-0.26,0.74,-6.106153846153846,76.4,7.67,1.97,1.245,1.0,1.0,0.0,37.9102244101995
47,98.85,20.0,25.0,25.0,25.0,187.5,340.28,479.17,0.0,69.0,31.0,2.0,14.0,-0.88,1.0,400.0,0.0,4.0,25.0,0.0001670345544005,0.1096117129386808,9.203884727313846e-05,0.0002352120237219,5.6643077,14.062218170221124,6.499999999999999e-07,0.0,-8.74505382,84.37330902132675,0.0,7.51858683,11.445998564977856,2e-07,0.0,-10.846796,11.445998564977856,0.0,28.031300128,0.0,0.0,6.0,0.0,0.8022,-0.26,0.74,-6.106153846153846,199.1,20.21,5.192,0.472,0.0,0.0,0.0,36.04495073781162
48,24.81,18.63,100.0,150.0,200.0,3000.0,4000.0,5000.0,2.94,97.06,0.0,0.5,13.0,-1.25,1.0,10.0,20.0,2.0,40.0,0.0706858347057703,0.0561710095178655,0.0235619449019234,0.1570796326794896,4.17791244,12.764484711878117,0.0,0.0,-5.02663022,76.5869082712687,0.512699999999999,6.47640097,34.02582510892988,0.0001557,0.050300225,-58.45197352,68.05165021785976,0.0,28.031300128,0.0,0.0,6.0,0.0,0.8022,-0.26,0.74,-6.106153846153846,199.1,20.21,5.192,0.472,0.0,0.0,0.0,36.00852451932361
49,98.63,20.0,240.52,320.1,379.08,53.59,82.86,99.35,25.0,75.0,0.0,1.0,14.0,-1.09,1.0,600.0,80.0,3.0,30.0,-0.004808654716248,-0.1379567653389399,-0.001685654720295,-0.008102333717575,7.51858683,11.445998564977856,2e-07,0.0,-10.846796,11.445998564977856,0.0,6.47640097,34.02582510892988,0.0001557,0.050300225,-58.45197352,68.05165021785976,0.0,28.031300128,0.0,0.0,6.0,0.0,0.8022,-0.26,0.74,-6.106153846153846,199.1,20.21,5.192,0.472,0.0,1.0,0.0,35.193402568499614
50,6.98,18.63,2000.0,3200.0,3500.0,2000.0,3200.0,3500.0,0.0,95.0,5.0,1.0,6.9,-1.31,1.0,195.0,80.0,2.0,200.0,9.654364585800328,0.5626976975981913,2.3570226039551585,12.632168018072178,5.6643077,14.062218170221124,6.499999999999999e-07,0.0,-8.74505382,84.37330902132675,0.0,2.03846677,22.399498167675635,0.0,0.0,-4.169303585,44.79899633535127,0.0,28.031300128,0.0,0.0,6.0,0.0,0.8022,-0.26,0.74,-6.106153846153846,76.4,7.67,1.97,1.245,1.0,0.0,1.0,30.477008243055142
51,82.52,217.5,1273.5,1841.4,2409.3,1273.5,1841.4,2409.3,35.0,65.0,0.0,1.0,8.32,-1.04,1.0,600.0,20.0,1.0,40.0,3.269211656602929,1.0,1.081422671753728,7.322700372283304,5.6643077,14.062218170221124,6.499999999999999e-07,0.0,-8.74505382,84.37330902132675,0.0,3.94067991,17.28523120082949,9e-07,0.002126714999999,-21.35375043,17.28523120082949,0.0,28.031300128,0.0,0.0,6.0,0.0,0.8022,-0.26,0.74,-6.106153846153846,44.5,4.353,1.118,2.193,1.0,0.0,1.0,29.688556846892936
52,84.48,217.5,253.33,324.38,483.81,253.33,324.38,483.81,90.0,10.0,0.0,2.0,14.0,-0.92,1.0,510.2,20.0,4.0,10.0,0.034132037051672,0.3675525969478614,0.016257728601037,0.113246430490341,7.51858683,11.445998564977856,2e-07,0.0,-10.846796,11.445998564977856,0.0,5.84744474,18.14473805188449,0.0,0.0,-50.58496015,18.14473805188449,0.0,28.031300128,0.0,0.0,6.0,0.0,0.8022,-0.26,0.74,-6.106153846153846,199.1,20.21,5.192,0.472,1.0,0.0,0.0,29.09406992285545
53,25.0,3.6,55.0,75.0,105.0,55.0,75.0,105.0,60.0,40.0,0.0,2.0,14.0,-0.87,1.0,200.0,80.0,2.0,25.0,0.0002208932334555,1.0,8.711374629016697e-05,0.0006061310326019,4.72796063,11.121387926358748,0.0006916,0.000264654999999,-5.466114125,44.485551705434986,0.0,4.47959619,15.02799459406926,0.3851734,0.0,-22.96045361,15.02799459406926,0.0,28.031300128,0.0,0.0,6.0,0.0,0.8022,-0.26,0.74,-6.106153846153846,199.1,20.21,5.192,0.472,0.0,0.0,0.0,28.69315906057788
54,83.33,0.0,1273.5,1841.4,2409.3,1273.5,1841.4,2409.3,27.0,73.0,0.0,1.0,14.0,-1.4,1.0,1214.77,80.0,4.0,5.5,3.269211656602929,1.0,1.081422671753728,7.322700372283304,4.72796063,11.121387926358748,0.0006916,0.000264654999999,-5.466114125,44.485551705434986,0.0,5.87177732,9.17091681388321,2.0000001,0.0,-6.5821341425,18.34183362776642,2.300899999999999,28.031300128,0.0,0.0,6.0,0.0,0.8022,-0.26,0.74,-6.106153846153846,199.1,20.21,5.192,0.472,0.0,0.0,1.0,28.418954758305695
55,79.05,18.63,275.0,300.4,375.0,275.0,300.4,375.0,0.0,91.92,8.08,2.0,14.0,-1.12,1.0,2000.0,9.09,3.75,15.0,0.0141937910406526,1.0,0.0108892182862708,0.0276116541819415,4.17791244,12.764484711878117,0.0,0.0,-5.02663022,76.5869082712687,0.512699999999999,3.94067991,17.28523120082949,9e-07,0.002126714999999,-21.35375043,17.28523120082949,0.0,28.031300128,0.0,0.0,6.0,0.0,0.8022,-0.26,0.74,-6.106153846153846,199.1,20.21,5.192,0.472,0.0,0.0,1.0,27.95925893530201
56,97.5,217.5,202.5,227.9,255.0,202.5,227.9,255.0,0.0,5.0,95.0,1.0,14.0,-2.1,1.0,240.38,0.0,4.0,5.0,0.0061977149484268,1.0,0.0043478415141052,0.0086819876477362,5.6643077,14.062218170221124,6.499999999999999e-07,0.0,-8.74505382,84.37330902132675,0.0,6.14131032,10.622479042528589,0.000195599999999,0.8018846112499991,-9.6154000565625,42.48991617011435,0.0,28.031300128,0.0,0.0,6.0,0.0,0.8022,-0.26,0.74,-6.106153846153846,199.1,20.21,5.192,0.472,0.0,1.0,0.0,27.60911837426219
57,53.68,3.6,58.3,63.0,67.94,58.3,63.0,67.94,100.0,0.0,0.0,0.5,13.0,-1.0,1.0,139.5,0.0,2.25,50.0,0.000250047,0.3675525969478616,0.0001981552869999,0.000313600414184,4.72796063,11.121387926358748,0.0006916,0.000264654999999,-5.466114125,44.485551705434986,0.0,3.29833257,14.422554456959176,0.0,0.0,-8.910602605,28.845108913918352,0.0,28.031300128,0.0,0.0,6.0,0.0,0.8022,-0.26,0.74,-6.106153846153846,199.1,20.21,5.192,0.472,0.0,1.0,0.0,27.139301854492828
58,98.65,3.6,442.48,745.53,1002.95,442.48,745.53,1002.95,0.0,96.55,3.45,2.0,14.0,-1.55,1.0,510.2,9.09,0.5,40.0,0.2169671551195647,1.0,0.0453606802371252,0.528246308059402,4.72796063,11.121387926358748,0.0006916,0.000264654999999,-5.466114125,44.485551705434986,0.0,0.8923141,11.8492870649751,0.0,0.0,-4.894751419999999,47.397148259900405,0.7227,28.031300128,0.0,0.0,6.0,0.0,0.8022,-0.26,0.74,-6.106153846153846,199.1,20.21,5.192,0.472,0.0,1.0,0.0,26.62880060179567
59,82.46,3.6,121.57,175.23,226.14,121.57,175.23,226.14,13.83,86.17,0.0,2.0,14.0,-1.24,1.0,600.0,0.0,2.0,20.0,0.0053805340346669,0.3675525969478615,0.0017967152338929,0.0115646412115439,4.17791244,12.764484711878117,0.0,0.0,-5.02663022,76.5869082712687,0.512699999999999,0.0,0.0,0.0,0.0,0.0,0.0,0.0,28.031300128,0.0,0.0,6.0,0.0,0.8022,-0.26,0.74,-6.106153846153846,199.1,20.21,5.192,0.472,1.0,1.0,0.0,25.442458665179522
60,98.65,108.0,100.0,150.0,200.0,3000.0,4000.0,5000.0,27.0,73.0,0.0,2.0,14.0,-0.64,1.0,500.0,80.0,2.25,5.0,0.0706858347057703,0.0561710095178655,0.0235619449019234,0.1570796326794896,7.51858683,11.445998564977856,2e-07,0.0,-10.846796,11.445998564977856,0.0,5.84744474,18.14473805188449,0.0,0.0,-50.58496015,18.14473805188449,0.0,28.031300128,0.0,0.0,6.0,0.0,0.8022,-0.26,0.74,-6.106153846153846,199.1,20.21,5.192,0.472,0.0,1.0,0.0,23.81978945198992
61,93.33,3.6,475.0,590.0,875.0,475.0,590.0,875.0,0.0,7.32,0.0,1.0,6.9,-1.4,1.0,1943.63,12.17,1.0,7.0,0.0684596666666666,0.6366197723675814,0.0357239583333333,0.2233072916666666,5.6643077,14.062218170221124,6.499999999999999e-07,0.0,-8.74505382,84.37330902132675,0.0,8.41138892,15.301856264076596,2.0000001,0.079304169250001,-9.032503662,76.50928132038298,0.0,28.031300128,0.0,0.0,6.0,0.0,0.8022,-0.26,0.74,-6.106153846153846,199.1,7.67,1.97,1.245,1.0,0.0,0.0,23.336723882953166
62,98.63,108.0,180.0,210.0,260.0,180.0,210.0,260.0,0.0,82.0,18.0,1.0,8.32,-1.9,1.0,240.38,80.0,0.49,5.0,0.0048490482608158,1.0,0.0030536280592892,0.0092027720799157,4.17791244,12.764484711878117,0.0,0.0,-5.02663022,76.5869082712687,0.512699999999999,1.44159893,15.315274547374411,2.7675e-05,0.297025965625,-9.2612360378125,245.0443927579906,1.3853,28.031300128,0.0,0.0,6.0,0.0,0.8022,-0.26,0.74,-6.106153846153846,44.5,4.353,1.118,2.193,1.0,1.0,0.0,23.293425772777795
63,0.8,3.6,40.77,44.0,47.23,40.77,44.0,47.23,0.0,95.1,4.9,3.0,14.0,-0.74,1.0,1000.0,80.0,0.2,50.0,8.5184e-05,0.3675525969478614,6.776760453300002e-05,0.0001053546810669,5.6643077,14.062218170221124,6.499999999999999e-07,0.0,-8.74505382,84.37330902132675,0.0,4.47959619,15.02799459406926,0.3851734,0.0,-22.96045361,15.02799459406926,0.0,28.031300128,0.0,0.0,6.0,0.0,0.8022,-0.26,0.74,-6.106153846153846,199.1,20.21,5.192,0.472,0.0,1.0,0.0,22.25644367502216
64,100.0,3.6,253.33,324.38,483.81,253.33,324.38,483.81,0.0,5.0,95.0,2.0,14.0,-1.05,1.0,1214.77,12.17,1.0,7.0,0.034132037051672,0.3675525969478614,0.016257728601037,0.113246430490341,7.51858683,14.062218170221124,6.499999999999999e-07,0.0,-8.74505382,84.37330902132675,0.0,8.41138892,15.301856264076596,2.0000001,0.079304169250001,-9.032503662,76.50928132038298,0.0,28.031300128,0.0,0.0,6.0,0.0,0.8022,-0.26,0.74,-6.106153846153846,199.1,20.21,5.192,0.472,1.0,0.0,0.0,21.572861116478798
65,61.76,20.0,223.91,317.74,437.39,223.91,317.74,437.39,0.0,100.0,0.0,2.0,14.0,-0.94,1.0,240.38,9.09,0.49,5.0,0.032078619752824,0.3675525969478615,0.011225881922471,0.083677086192419,4.72796063,11.121387926358748,0.0006916,0.000264654999999,-5.466114125,44.485551705434986,0.0,3.94067991,17.28523120082949,9e-07,0.002126714999999,-21.35375043,17.28523120082949,0.0,28.031300128,0.0,0.0,6.0,0.0,0.8022,-0.26,0.74,-6.106153846153846,199.1,20.21,5.192,0.472,1.0,0.0,1.0,21.494746342534057
66,14.49,18.63,80.0,101.7,130.0,80.0,101.7,130.0,25.0,75.0,0.0,1.0,8.32,-1.5,1.0,1052.63,80.0,0.2,15.0,0.000550758845733,1.0,0.0002680825731063,0.0011503465099894,5.6643077,14.062218170221124,6.499999999999999e-07,0.0,-8.74505382,84.37330902132675,0.0,1.44159893,15.315274547374411,2.7675e-05,0.297025965625,-9.2612360378125,245.0443927579906,1.3853,28.031300128,0.0,0.0,6.0,0.0,0.8022,-0.26,0.74,-6.106153846153846,44.5,4.353,1.118,2.193,0.0,1.0,0.0,21.4764298708843
67,91.89,18.63,100.0,150.0,200.0,3000.0,4000.0,5000.0,0.0,82.0,18.0,1.0,6.9,-0.77,1.0,1000.0,20.0,0.49,5.0,0.0706858347057703,0.0561710095178655,0.0235619449019234,0.1570796326794896,5.6643077,14.062218170221124,6.499999999999999e-07,0.0,-8.74505382,84.37330902132675,0.0,4.47959619,15.02799459406926,0.3851734,0.0,-22.96045361,15.02799459406926,0.0,28.031300128,0.0,0.0,6.0,0.0,0.8022,-0.26,0.74,-6.106153846153846,76.4,7.67,1.97,1.245,1.0,0.0,1.0,21.378708205416892
68,2.97,108.0,25.0,27.5,30.0,25.0,27.5,30.0,63.81,36.19,0.0,2.0,14.0,-0.46,1.0,139.5,80.0,0.2,7.0,1.0889218286270871e-05,1.0,8.181230868723419e-06,1.4137166941154069e-05,4.72796063,11.121387926358748,0.0006916,0.000264654999999,-5.466114125,44.485551705434986,0.0,8.41138892,15.301856264076596,2.0000001,0.079304169250001,-9.032503662,76.50928132038298,0.0,28.031300128,0.0,0.0,6.0,0.0,0.8022,-0.26,0.74,-6.106153846153846,199.1,20.21,5.192,0.472,0.0,1.0,0.0,21.12320095017562
69,0.8,20.0,115.0,129.0,137.5,115.0,129.0,137.5,85.0,0.0,15.0,0.1,6.8,-1.03,1.0,1020.41,80.0,3.0,30.0,0.0011240037319903,1.0,0.000796328287838,0.0013611522857838,4.17791244,12.764484711878117,0.0,0.0,-5.02663022,76.5869082712687,0.512699999999999,6.47640097,34.02582510892988,0.0001557,0.050300225,-58.45197352,68.05165021785976,0.0,28.031300128,0.0,0.0,6.0,0.0,0.8022,-0.26,0.74,-6.106153846153846,44.5,4.353,1.118,2.193,1.0,0.0,0.0,21.09580820829625
70,40.49,3.6,367.06,632.71,1035.29,524.71,859.53,1176.47,0.0,86.98,13.02,0.1,6.8,-0.73,1.0,1000.0,20.0,4.0,40.0,0.114696240204091,0.6366197723675813,0.0235652584357853,0.4203234698773756,7.51858683,11.445998564977856,2e-07,0.0,-10.846796,11.445998564977856,0.0,8.41138892,15.301856264076596,2.0000001,0.079304169250001,-9.032503662,76.50928132038298,0.0,28.031300128,0.0,0.0,6.0,0.0,0.8022,-0.26,0.74,-6.106153846153846,44.5,4.353,1.118,2.193,1.0,0.0,1.0,21.03479196774487
71,100.0,3.6,253.33,324.38,483.81,253.33,324.38,483.81,0.0,70.0,0.0,2.0,14.0,-1.05,1.0,1214.77,12.17,1.0,7.0,0.034132037051672,0.3675525969478614,0.016257728601037,0.113246430490341,7.51858683,12.764484711878117,0.0,0.0,-5.02663022,76.5869082712687,0.512699999999999,5.84744474,18.14473805188449,0.0,0.0,-50.58496015,18.14473805188449,0.0,28.031300128,0.0,0.0,6.0,0.0,0.8022,-0.26,0.74,-6.106153846153846,199.1,20.21,5.192,0.472,1.0,0.0,1.0,20.51814959032674
72,2.97,108.0,414.0,590.5,812.0,1180.0,1555.6,1972.0,0.0,0.0,0.0,0.5,13.0,-0.59,1.0,1019.11,0.0,3.0,200.0,0.1808075176333333,0.6366197723675814,0.06741576,0.4334087893333333,7.51858683,11.121387926358748,0.0006916,0.000264654999999,-5.466114125,44.485551705434986,0.0,3.29833257,14.422554456959176,0.0,0.0,-8.910602605,28.845108913918352,0.0,28.031300128,0.0,0.0,6.0,0.0,0.8022,-0.26,0.74,-6.106153846153846,199.1,20.21,5.192,0.472,0.0,1.0,0.0,19.551260352072727
73,0.8,18.63,25.0,27.5,30.0,50.0,55.0,60.0,0.0,84.94,15.06,0.1,6.8,-0.74,1.0,10.0,80.0,0.19,30.0,2.1778436572541743e-05,1.0,1.6362461737446838e-05,2.8274333882308137e-05,4.17791244,12.764484711878117,0.0,0.0,-5.02663022,76.5869082712687,0.512699999999999,4.17791244,12.764484711878117,0.0,0.0,-5.02663022,76.5869082712687,0.512699999999999,28.031300128,0.0,0.0,6.0,0.0,0.8022,-0.26,0.74,-6.106153846153846,44.5,4.353,1.118,2.193,0.0,0.0,0.0,18.95436970073288
74,93.33,3.6,225.0,231.0,237.0,225.0,231.0,237.0,22.0,78.0,0.0,2.0,14.0,-0.8,1.0,1052.63,0.0,2.25,5.5,0.0042901683674008,0.664721574094151,0.0039644774419313,0.004633225466056,4.72796063,11.121387926358748,0.0006916,0.000264654999999,-5.466114125,44.485551705434986,0.0,2.7374354,9.2213850455102,0.0,0.0,-6.32752468,18.4427700910204,4.4292,28.031300128,0.0,0.0,6.0,0.0,0.8022,-0.26,0.74,-6.106153846153846,199.1,20.21,5.192,0.472,1.0,0.0,1.0,18.869101329465025
75,49.44,3.6,40.77,44.0,47.23,40.77,44.0,47.23,27.79,72.21,0.0,0.5,13.0,-1.55,1.0,1428.57,9.09,1.0,30.0,8.5184e-05,0.3675525969478614,6.776760453300002e-05,0.0001053546810669,4.17791244,12.764484711878117,0.0,0.0,-5.02663022,76.5869082712687,0.512699999999999,2.1667273,8.701897716280333,0.9999901,0.097853067499997,-5.204359017,87.01897716280334,0.0,28.031300128,0.0,0.0,6.0,0.0,0.8022,-0.26,0.74,-6.106153846153846,199.1,20.21,5.192,0.472,0.0,0.0,0.0,18.439995475462627
76,97.3,3.6,202.5,227.9,255.0,202.5,227.9,255.0,0.0,96.55,3.45,1.0,6.9,-3.56,1.0,400.0,9.09,3.0,5.5,0.0061977149484268,1.0,0.0043478415141052,0.0086819876477362,4.72796063,11.121387926358748,0.0006916,0.000264654999999,-5.466114125,44.485551705434986,0.0,4.47959619,15.02799459406926,0.3851734,0.0,-22.96045361,15.02799459406926,0.0,28.031300128,0.0,0.0,6.0,0.0,0.8022,-0.26,0.74,-6.106153846153846,76.4,7.67,1.97,1.245,1.0,0.0,0.0,18.341613446914888
77,87.94,20.0,125.49,189.74,265.36,125.49,189.74,265.36,2.94,97.06,0.0,1.0,6.9,-0.55,1.0,765.31,80.0,4.0,30.0,0.006830880514424,0.3675525969478614,0.001976183905149,0.018685571078656,4.17791244,12.764484711878117,0.0,0.0,-5.02663022,76.5869082712687,0.512699999999999,1.44159893,15.315274547374411,2.7675e-05,0.297025965625,-9.2612360378125,245.0443927579906,1.3853,28.031300128,0.0,0.0,6.0,0.0,0.8022,-0.26,0.74,-6.106153846153846,76.4,7.67,1.97,1.245,1.0,0.0,1.0,18.22418962309071
78,14.49,0.0,297.0,310.0,323.0,297.0,310.0,323.0,92.68,7.32,0.0,1.0,14.0,-0.64,1.0,4444.44,80.0,0.49,30.0,0.029791,0.3675525969478614,0.026198073,0.033698267,4.72796063,11.121387926358748,0.0006916,0.000264654999999,-5.466114125,44.485551705434986,0.0,8.41138892,15.301856264076596,2.0000001,0.079304169250001,-9.032503662,76.50928132038298,0.0,28.031300128,0.0,0.0,6.0,0.0,0.8022,-0.26,0.74,-6.106153846153846,199.1,20.21,5.192,0.472,0.0,0.0,0.0,17.867796867245435
79,14.49,18.63,80.0,101.7,130.0,80.0,101.7,130.0,25.0,95.0,5.0,2.0,14.0,-1.5,1.0,1052.63,80.0,0.2,15.0,0.000550758845733,1.0,0.0002680825731063,0.0011503465099894,5.6643077,11.121387926358748,0.0006916,0.000264654999999,-5.466114125,44.485551705434986,0.0,6.47640097,34.02582510892988,0.0001557,0.050300225,-58.45197352,68.05165021785976,0.0,28.031300128,0.0,0.0,6.0,0.0,0.8022,-0.26,0.74,-6.106153846153846,44.5,20.21,5.192,0.472,1.0,1.0,0.0,17.518675485786993
80,53.68,3.6,130.0,178.0,230.0,130.0,178.0,230.0,0.0,69.0,31.0,1.0,14.0,-2.56,1.0,2000.0,12.17,3.75,5.5,0.0008587692020554,0.5816313773323822,0.0003345388125073,0.0018526780754559,5.6643077,14.062218170221124,6.499999999999999e-07,0.0,-8.74505382,84.37330902132675,0.0,0.0,0.0,0.0,0.0,0.0,0.0,0.0,28.031300128,0.0,0.0,6.0,0.0,0.8022,-0.26,0.74,-6.106153846153846,199.1,20.21,5.192,0.472,0.0,0.0,0.0,16.634291921810007
81,86.85,0.0,5.68,8.52,12.84,33.78,76.65,128.38,0.0,92.19,7.81,0.1,6.8,-0.75,1.0,1000.0,0.0,0.49,7.0,4.369997918307931e-06,0.1646970098874495,8.559456674954956e-07,1.6623302202259565e-05,4.17791244,12.764484711878117,0.0,0.0,-5.02663022,76.5869082712687,0.512699999999999,3.94067991,17.28523120082949,9e-07,0.002126714999999,-21.35375043,17.28523120082949,0.0,28.031300128,0.0,0.0,6.0,0.0,0.8022,-0.26,0.74,-6.106153846153846,44.5,4.353,1.118,2.193,1.0,1.0,0.0,16.440683326229482
82,10.3,3.6,23.25,34.04,62.5,23.25,34.04,62.5,30.02,73.0,0.0,1.0,14.0,-1.9,1.0,4444.44,0.0,0.2,10.0,3.9442883264e-05,0.3675525969478614,1.2568078125e-05,0.000244140625,4.72796063,14.062218170221124,6.499999999999999e-07,0.0,-8.74505382,84.37330902132675,0.0,4.17791244,12.764484711878117,0.0,0.0,-5.02663022,76.5869082712687,0.512699999999999,28.031300128,0.0,0.0,6.0,0.0,0.8022,-0.26,0.74,-6.106153846153846,199.1,20.21,5.192,0.472,0.0,1.0,0.0,15.17640106488767
83,97.5,18.63,42.0,45.0,48.0,695.65,1111.26,1612.61,0.0,95.1,4.9,1.0,14.0,-1.7,1.0,1.0,12.17,2.0,5.0,0.0017673826651905,0.0606424185159716,0.0009637829778961,0.0029181103079647,4.17791244,11.445998564977856,2e-07,0.0,-10.846796,11.445998564977856,0.0,1.44159893,15.315274547374411,2.7675e-05,0.297025965625,-9.2612360378125,245.0443927579906,1.3853,28.031300128,0.0,0.0,6.0,0.0,0.8022,-0.26,0.74,-6.106153846153846,199.1,20.21,5.192,0.472,0.0,0.0,1.0,14.99785544554863
84,96.25,217.5,125.49,189.74,265.36,125.49,189.74,265.36,25.0,75.0,0.0,0.1,6.8,-0.71,1.0,10.0,20.0,0.49,5.5,0.006830880514424,0.3675525969478614,0.001976183905149,0.018685571078656,5.6643077,14.062218170221124,6.499999999999999e-07,0.0,-8.74505382,84.37330902132675,0.0,5.87177732,9.17091681388321,2.0000001,0.0,-6.5821341425,18.34183362776642,2.300899999999999,28.031300128,0.0,0.0,6.0,0.0,0.8022,-0.26,0.74,-6.106153846153846,44.5,4.353,1.118,2.193,1.0,1.0,0.0,13.477048256792333
85,96.61,0.0,225.0,231.0,237.0,225.0,231.0,237.0,0.0,96.55,3.45,2.0,14.0,-2.06,1.0,510.2,9.09,0.5,25.0,0.0042901683674008,0.664721574094151,0.0039644774419313,0.004633225466056,7.51858683,11.445998564977856,2e-07,0.0,-10.846796,11.445998564977856,0.0,1.27052682,16.358833917061403,0.0,0.0,-8.718163524249999,654.3533566824561,3.7823,28.031300128,0.0,0.0,6.0,0.0,0.8022,-0.26,0.74,-6.106153846153846,199.1,20.21,5.192,0.472,0.0,1.0,0.0,9.944955605169971
86,89.29,20.0,278.0,287.0,296.0,278.0,287.0,296.0,13.83,86.17,0.0,0.1,6.8,-0.69,1.0,300.0,80.0,2.0,5.0,0.0078799676666666,0.6366197723675814,0.0071616506666666,0.0086447786666666,5.6643077,14.062218170221124,6.499999999999999e-07,0.0,-8.74505382,84.37330902132675,0.0,2.1667273,8.701897716280333,0.9999901,0.097853067499997,-5.204359017,87.01897716280334,0.0,28.031300128,0.0,0.0,6.0,0.0,0.8022,-0.26,0.74,-6.106153846153846,44.5,4.353,1.118,2.193,0.0,0.0,1.0,8.444992697306233
87,97.55,3.6,223.91,317.74,437.39,223.91,317.74,437.39,22.0,78.0,0.0,1.0,8.32,-0.63,1.0,10.0,0.0,0.2,15.0,0.032078619752824,0.3675525969478615,0.011225881922471,0.083677086192419,4.17791244,12.764484711878117,0.0,0.0,-5.02663022,76.5869082712687,0.512699999999999,5.49246722,16.727671246666244,1.666666666666666e-08,0.000130182499997,-9.718071849166668,200.7320549599949,0.0,28.031300128,0.0,0.0,6.0,0.0,0.8022,-0.26,0.74,-6.106153846153846,44.5,4.353,1.118,2.193,1.0,1.0,0.0,7.379688305373207
88,93.33,108.0,275.0,350.0,475.0,275.0,350.0,475.0,0.0,95.0,5.0,0.1,6.8,-0.66,1.0,10.0,12.17,0.19,40.0,0.0149225323740185,0.664721574094151,0.0072382983199047,0.0373008926943853,7.51858683,11.445998564977856,2e-07,0.0,-10.846796,11.445998564977856,0.0,3.29833257,14.422554456959176,0.0,0.0,-8.910602605,28.845108913918352,0.0,28.031300128,0.0,0.0,6.0,0.0,0.8022,-0.26,0.74,-6.106153846153846,44.5,4.353,1.118,2.193,1.0,0.0,0.0,6.64979949283177
89,76.11,108.0,3090.91,3372.73,4000.0,3090.91,3372.73,4000.0,0.0,95.0,5.0,2.0,14.0,-0.39,1.0,244.9,20.0,0.19,5.5,11.30364441910101,0.5626976975981914,8.700272179509907,18.856180831641268,4.17791244,12.764484711878117,0.0,0.0,-5.02663022,76.5869082712687,0.512699999999999,0.0,0.0,0.0,0.0,0.0,0.0,0.0,28.031300128,0.0,0.0,6.0,0.0,0.8022,-0.26,0.74,-6.106153846153846,199.1,20.21,5.192,0.472,1.0,0.0,0.0,6.109648262223967
90,87.94,0.0,160.0,190.0,220.0,160.0,190.0,220.0,22.0,78.0,0.0,2.0,14.0,-0.55,1.0,195.0,12.17,0.49,200.0,0.0035913640018287,1.0,0.0021446605848506,0.0055752797625706,4.72796063,11.121387926358748,0.0006916,0.000264654999999,-5.466114125,44.485551705434986,0.0,2.7374354,9.2213850455102,0.0,0.0,-6.32752468,18.4427700910204,4.4292,28.031300128,0.0,0.0,6.0,0.0,0.8022,-0.26,0.74,-6.106153846153846,199.1,20.21,5.192,0.472,1.0,0.0,0.0,4.141168115079758
91,90.52,3.6,275.0,300.4,375.0,275.0,300.4,375.0,60.0,40.0,0.0,0.1,6.8,-0.54,1.0,195.0,12.17,3.75,7.0,0.0141937910406526,1.0,0.0108892182862708,0.0276116541819415,4.17791244,12.764484711878117,0.0,0.0,-5.02663022,76.5869082712687,0.512699999999999,5.49246722,16.727671246666244,1.666666666666666e-08,0.000130182499997,-9.718071849166668,200.7320549599949,0.0,28.031300128,0.0,0.0,6.0,0.0,0.8022,-0.26,0.74,-6.106153846153846,44.5,4.353,1.118,2.193,0.0,1.0,0.0,1.3259569963799578
